cover file;cover sha1;stego file;stego sha1;stego tool;stego embed;stego key;embed hash;embed hash out;stego file content;extracted data;stegdetect;stegbreak;stegoveritas/diff red_plane;stegoveritas/diff green_plane;stegoveritas/diff blue_plane;stegoveritas/diff Edge-enhance;stegoveritas/diff Edge-enhance_More;stegoveritas/diff Find_Edges;stegoveritas/diff GaussianBlur;stegoveritas/diff inverted;stegoveritas/diff Max;stegoveritas/diff Median;stegoveritas/diff Min;stegoveritas/diff Mode;stegoveritas/diff Sharpen;stegoveritas/diff Smooth;file/data type;exiftool/file size;exiftool/camera;exiftool/mime type;exiftool/jfif version;exiftool/encoding;exiftool/color components;exiftool/resolution;exiftool/megapixels;binwalk/data type;binwalk/jfif version;strings/header;foremost/extracted data length;foremost/extracted data hash;imagemagick/diff image;imagemagick/format;imagemagick/min;imagemagick/max;imagemagick/mean;imagemagick/standard deviation;imagemagick/kurtosis;imagemagick/skewness;imagemagick/entropy
/data/coverData/_alaska2-03358.jpg;6f8cacb9f264024af555b7bbaa473302c50f6abe;/data/out-stego-attrib/_alaska2-03358/original.jpg;6f8cacb9f264024af555b7bbaa473302c50f6abe;-;-;-;-;-;ok;ok;negative;-;255 (1);255 (1);255 (1);255 (1);255 (1);255 (1);255 (1);255 (1);255 (1);255 (1);255 (1);255 (1);255 (1);255 (1);JPEG image data;65 kB;;image/jpeg;1.01;Baseline DCT/ Huffman coding;3;512x512;0.262;JPEG image data;JFIF standard 1.01;JFIF  $.' " # (7) 01444 '9=82<.342 !22222222222222222222222222222222222222222222222222 $3br %&'()*456789:CDEFGHIJSTUVWXYZcdefghijstuvwxyz  #3R &'()*56789:CDEFGHIJSTUVWXYZcdefghijstuvwxyz ;65 KB (66653 bytes);6f8cacb9f264024af555b7bbaa473302c50f6abe;255 (1);JPEG (Joint Photographic Experts Group JFIF format);18 (0.0705882);255 (1);145.982 (0.572478);48.0884 (0.188582);-0.856096;0.051165;0.960975
/data/coverData/_alaska2-03358.jpg;6f8cacb9f264024af555b7bbaa473302c50f6abe;/data/out-stego-attrib/_alaska2-03358/jsteg/shortEbd-noKey.jpg;35dcbebf3d7298cc1b7720ca6b20f539c20bb749;jsteg;shortEbd;noKey;7648cf24a314672c5e708249f170706324d060e7;7648cf24a314672c5e708249f170706324d060e7;ok;ok;negative;stegbreak-fix: break_jsteg_prepare: bad size in bits 57042 Processed 0 files found 0 embeddings. Time: 0 seconds: Cracks: 0 -nan c/s;53.3202 (0.209099);64.0467 (0.251163);48.5712 (0.190475);3.76648 (0.0147705);16.5387 (0.0648575);98.7417 (0.387222);11.7634 (0.0461311);11.066 (0.043396);8.4454 (0.0331192);6.44251 (0.0252647);8.02225 (0.0314598);8.38217 (0.0328712);2.41922 (0.00948715);5.39194 (0.0211449);JPEG image data;53 kB;;image/jpeg;;Baseline DCT/ Huffman coding;3;512x512;0.262;;; $.' " # (7) 01444 '9=82<.342 !22222222222222222222222222222222222222222222222222 $3br %&'()*456789:CDEFGHIJSTUVWXYZcdefghijstuvwxyz  #3R &'()*56789:CDEFGHIJSTUVWXYZcdefghijstuvwxyz ]J)n ;52 KB (53815 bytes);-;13.6073 (0.0533621);JPEG (Joint Photographic Experts Group JFIF format);11 (0.0431373);255 (1);146.079 (0.57286);48.1197 (0.188705);-0.857925;0.0428588;0.962146
/data/coverData/_alaska2-03358.jpg;6f8cacb9f264024af555b7bbaa473302c50f6abe;/data/out-stego-attrib/_alaska2-03358/jsteg/middleEbd-noKey.jpg;02460b6cf642c6bc2235c344143fa6f7bd86c920;jsteg;middleEbd;noKey;787820e2c9c728e307b925648eacd22d85acdc36;787820e2c9c728e307b925648eacd22d85acdc36;ok;ok;negative;stegbreak-fix: break_jsteg_prepare: bad size in bits 57042 Processed 0 files found 0 embeddings. Time: 0 seconds: Cracks: 0 -nan c/s;45.4351 (0.178177);55.7151 (0.218491);40.084 (0.157192);3.5836 (0.0140533);16.2118 (0.0635757);97.2096 (0.381214);10.1273 (0.0397148);8.04949 (0.0315666);6.04465 (0.0237045);4.56413 (0.0178986);5.72462 (0.0224495);5.94738 (0.0233231);1.67604 (0.00657272);3.87251 (0.0151863);JPEG image data;53 kB;;image/jpeg;;Baseline DCT/ Huffman coding;3;512x512;0.262;;; $.' " # (7) 01444 '9=82<.342 !22222222222222222222222222222222222222222222222222 $3br %&'()*456789:CDEFGHIJSTUVWXYZcdefghijstuvwxyz  #3R &'()*56789:CDEFGHIJSTUVWXYZcdefghijstuvwxyz ]J9.B/R ;52 KB (53815 bytes);-;10.1456 (0.0397866);JPEG (Joint Photographic Experts Group JFIF format);11 (0.0431373);255 (1);146.079 (0.572861);48.1334 (0.188759);-0.857303;0.0431223;0.96147
/data/coverData/_alaska2-03358.jpg;6f8cacb9f264024af555b7bbaa473302c50f6abe;/data/out-stego-attrib/_alaska2-03358/jsteg/longEbd-noKey.jpg;af9d41e7876a0c5741f883e8e2cf153f343a2fc0;jsteg;longEbd;noKey;ce3a186609bceb6c79a9184dcdcc3e7851fdebde;da39a3ee5e6b4b0d3255bfef95601890afd80709;ok;empty;skipped (false positive likely);Premature end of JPEG file stegbreak-fix: break_jsteg_prepare: bad size in bits 56607 Processed 0 files found 0 embeddings. Time: 0 seconds: Cracks: 0 -nan c/s;-;-;-;-;-;-;-;-;-;-;-;-;-;-;JPEG image data;52 kB;;image/jpeg;;Baseline DCT/ Huffman coding;3;512x512;0.262;;; $.' " # (7) 01444 '9=82<.342 !22222222222222222222222222222222222222222222222222 $3br %&'()*456789:CDEFGHIJSTUVWXYZcdefghijstuvwxyz  #3R &'()*56789:CDEFGHIJSTUVWXYZcdefghijstuvwxyz ]J9.B/R ;52 KB (53248 bytes);-;4.36075 (0.017101);JPEG (Joint Photographic Experts Group JFIF format);0 (0);255 (1);146.233 (0.573461);47.8937 (0.187818);-0.838488;0.0489656;0.958178
/data/coverData/_alaska2-03358.jpg;6f8cacb9f264024af555b7bbaa473302c50f6abe;/data/out-stego-attrib/_alaska2-03358/jsteg/lowEntropyEbd-noKey.jpg;6e6b4cec792991c8666c79556a8022b38ff12d05;jsteg;lowEntropyEbd;noKey;6b07672d0c71136de528fb719c6768784ebe5879;da39a3ee5e6b4b0d3255bfef95601890afd80709;ok;empty;negative;Premature end of JPEG file stegbreak-fix: break_jsteg_prepare: bad size in bits 56605 Processed 0 files found 0 embeddings. Time: 0 seconds: Cracks: 0 -nan c/s;-;-;-;-;-;-;-;-;-;-;-;-;-;-;JPEG image data;52 kB;;image/jpeg;;Baseline DCT/ Huffman coding;3;512x512;0.262;;; $.' " # (7) 01444 '9=82<.342 !22222222222222222222222222222222222222222222222222 $3br %&'()*456789:CDEFGHIJSTUVWXYZcdefghijstuvwxyz  #3R &'()*56789:CDEFGHIJSTUVWXYZcdefghijstuvwxyz ]J9. ;52 KB (53248 bytes);-;4.64603 (0.0182197);JPEG (Joint Photographic Experts Group JFIF format);0 (0);255 (1);146.232 (0.57346);47.7048 (0.187078);-0.834382;0.0476637;0.95726
/data/coverData/_alaska2-03358.jpg;6f8cacb9f264024af555b7bbaa473302c50f6abe;/data/out-stego-attrib/_alaska2-03358/jsteg/binaryEbd-noKey.jpg;c10fc90dafced2ff1d9f507ee57a17be6b457863;jsteg;binaryEbd;noKey;21ed4cf4f811051407d1db438a3501932801d069;da39a3ee5e6b4b0d3255bfef95601890afd80709;ok;empty;negative;Premature end of JPEG file stegbreak-fix: break_jsteg_prepare: bad size in bits 56559 Processed 0 files found 0 embeddings. Time: 0 seconds: Cracks: 0 -nan c/s;-;-;-;-;-;-;-;-;-;-;-;-;-;-;JPEG image data;52 kB;;image/jpeg;;Baseline DCT/ Huffman coding;3;512x512;0.262;;; $.' " # (7) 01444 '9=82<.342 !22222222222222222222222222222222222222222222222222 $3br %&'()*456789:CDEFGHIJSTUVWXYZcdefghijstuvwxyz  #3R &'()*56789:CDEFGHIJSTUVWXYZcdefghijstuvwxyz ]J)nB'R ;52 KB (53248 bytes);-;5.11458 (0.0200572);JPEG (Joint Photographic Experts Group JFIF format);0 (0);255 (1);146.203 (0.573346);47.5448 (0.18645);-0.83345;0.0473825;0.956136
/data/coverData/_alaska2-03358.jpg;6f8cacb9f264024af555b7bbaa473302c50f6abe;/data/out-stego-attrib/_alaska2-03358/outguess/shortEbd-noKey.jpg;52c01f0d482f86b06b69b36eb993c0ef2e3cb426;outguess;shortEbd;noKey;7648cf24a314672c5e708249f170706324d060e7;7648cf24a314672c5e708249f170706324d060e7;ok;ok;negative;Loaded 1 files...;52.4992 (0.205879);64.2305 (0.251884);47.3106 (0.185532);3.73146 (0.0146332);16.4696 (0.0645866);98.5471 (0.386459);11.7576 (0.0461082);10.7878 (0.042305);8.45026 (0.0331383);6.2538 (0.0245247);7.77323 (0.0304832);8.20902 (0.0321922);2.36961 (0.0092926);5.17307 (0.0202866);JPEG image data;53 kB;;image/jpeg;1.01;Baseline DCT/ Huffman coding;3;512x512;0.262;JPEG image data;JFIF standard 1.01;JFIF  $.' " # (7) 01444 '9=82<.342 !22222222222222222222222222222222222222222222222222 $3br %&'()*456789:CDEFGHIJSTUVWXYZcdefghijstuvwxyz  #3R &'()*56789:CDEFGHIJSTUVWXYZcdefghijstuvwxyz ;52 KB (53847 bytes);52c01f0d482f86b06b69b36eb993c0ef2e3cb426;13.2725 (0.0520489);JPEG (Joint Photographic Experts Group JFIF format);11 (0.0431373);255 (1);145.966 (0.572416);48.1269 (0.188733);-0.852258;0.0432749;0.961927
/data/coverData/_alaska2-03358.jpg;6f8cacb9f264024af555b7bbaa473302c50f6abe;/data/out-stego-attrib/_alaska2-03358/outguess/middleEbd-noKey.jpg;03954774b2dda365961f60bf4ae6c45267e40b77;outguess;middleEbd;noKey;787820e2c9c728e307b925648eacd22d85acdc36;787820e2c9c728e307b925648eacd22d85acdc36;ok;ok;negative;Loaded 1 files...;34.0763 (0.133633);47.0985 (0.1847);27.1854 (0.106609);3.37057 (0.0132179);15.7099 (0.0616074);94.8828 (0.372089);7.03199 (0.0275764);4.08457 (0.0160179);3.00968 (0.0118027);2.39101 (0.00937653);2.97953 (0.0116844);2.96883 (0.0116425);0.849209 (0.00333023);2.03012 (0.00796127);JPEG image data;53 kB;;image/jpeg;1.01;Baseline DCT/ Huffman coding;3;512x512;0.262;JPEG image data;JFIF standard 1.01;JFIF  $.' " # (7) 01444 '9=82<.342 !22222222222222222222222222222222222222222222222222 $3br %&'()*456789:CDEFGHIJSTUVWXYZcdefghijstuvwxyz  #3R &'()*56789:CDEFGHIJSTUVWXYZcdefghijstuvwxyz ;52 KB (54026 bytes);03954774b2dda365961f60bf4ae6c45267e40b77;5.48306 (0.0215022);JPEG (Joint Photographic Experts Group JFIF format);10 (0.0392157);255 (1);145.987 (0.572498);48.1522 (0.188832);-0.852403;0.0445547;0.960139
/data/coverData/_alaska2-03358.jpg;6f8cacb9f264024af555b7bbaa473302c50f6abe;/data/out-stego-attrib/_alaska2-03358/outguess/longEbd-noKey.jpg;da39a3ee5e6b4b0d3255bfef95601890afd80709;outguess;longEbd;noKey;ce3a186609bceb6c79a9184dcdcc3e7851fdebde;da39a3ee5e6b4b0d3255bfef95601890afd80709;empty;-;-;-;-;-;-;-;-;-;-;-;-;-;-;-;-;-;-;-;-;-;-;-;-;-;-;-;-;-;-;-;-;-;-;-;-;-;-;-;-
/data/coverData/_alaska2-03358.jpg;6f8cacb9f264024af555b7bbaa473302c50f6abe;/data/out-stego-attrib/_alaska2-03358/outguess/lowEntropyEbd-noKey.jpg;da39a3ee5e6b4b0d3255bfef95601890afd80709;outguess;lowEntropyEbd;noKey;6b07672d0c71136de528fb719c6768784ebe5879;da39a3ee5e6b4b0d3255bfef95601890afd80709;empty;-;-;-;-;-;-;-;-;-;-;-;-;-;-;-;-;-;-;-;-;-;-;-;-;-;-;-;-;-;-;-;-;-;-;-;-;-;-;-;-
/data/coverData/_alaska2-03358.jpg;6f8cacb9f264024af555b7bbaa473302c50f6abe;/data/out-stego-attrib/_alaska2-03358/outguess/binaryEbd-noKey.jpg;da39a3ee5e6b4b0d3255bfef95601890afd80709;outguess;binaryEbd;noKey;21ed4cf4f811051407d1db438a3501932801d069;da39a3ee5e6b4b0d3255bfef95601890afd80709;empty;-;-;-;-;-;-;-;-;-;-;-;-;-;-;-;-;-;-;-;-;-;-;-;-;-;-;-;-;-;-;-;-;-;-;-;-;-;-;-;-
/data/coverData/_alaska2-03358.jpg;6f8cacb9f264024af555b7bbaa473302c50f6abe;/data/out-stego-attrib/_alaska2-03358/outguess/shortEbd-shortKey.jpg;444a7b8fd31d1bade75e6af94c43d46748c60db3;outguess;shortEbd;shortKey;7648cf24a314672c5e708249f170706324d060e7;7648cf24a314672c5e708249f170706324d060e7;ok;ok;negative;;52.7531 (0.206875);64.214 (0.25182);47.5109 (0.186317);3.74994 (0.0147057);16.4745 (0.0646057);98.6036 (0.386681);11.8899 (0.046627);10.8403 (0.042511);8.49403 (0.0333099);6.31313 (0.0247574);7.82576 (0.0306892);8.22264 (0.0322456);2.41339 (0.00946426);5.20128 (0.0203972);JPEG image data;53 kB;;image/jpeg;1.01;Baseline DCT/ Huffman coding;3;512x512;0.262;JPEG image data;JFIF standard 1.01;JFIF  $.' " # (7) 01444 '9=82<.342 !22222222222222222222222222222222222222222222222222 $3br %&'()*456789:CDEFGHIJSTUVWXYZcdefghijstuvwxyz  #3R &'()*56789:CDEFGHIJSTUVWXYZcdefghijstuvwxyz ;52 KB (53839 bytes);444a7b8fd31d1bade75e6af94c43d46748c60db3;13.3824 (0.0524802);JPEG (Joint Photographic Experts Group JFIF format);10 (0.0392157);255 (1);145.969 (0.572427);48.1249 (0.188725);-0.851989;0.0433786;0.962198
/data/coverData/_alaska2-03358.jpg;6f8cacb9f264024af555b7bbaa473302c50f6abe;/data/out-stego-attrib/_alaska2-03358/outguess/middleEbd-shortKey.jpg;fa37e1eafced656052995a41ce4b526b1848ce46;outguess;middleEbd;shortKey;787820e2c9c728e307b925648eacd22d85acdc36;787820e2c9c728e307b925648eacd22d85acdc36;ok;ok;negative;Loaded 1 files... /data/out-stego-attrib/_alaska2-03358/outguess/middleEbd-shortKey.jpg : negative Processed 1 files found 0 embeddings. Time: 0 seconds: Cracks: 56 inf c/s;33.5948 (0.131744);46.547 (0.182537);26.4675 (0.103794);3.35403 (0.0131531);15.7196 (0.0616455);94.8419 (0.371929);6.82285 (0.0267563);3.78399 (0.0148392);2.92311 (0.0114632);2.19063 (0.0085907);2.53109 (0.00992584);2.75969 (0.0108223);0.822945 (0.00322723);1.85503 (0.00727463);JPEG image data;53 kB;;image/jpeg;1.01;Baseline DCT/ Huffman coding;3;512x512;0.262;JPEG image data;JFIF standard 1.01;JFIF  $.' " # (7) 01444 '9=82<.342 !22222222222222222222222222222222222222222222222222 $3br %&'()*456789:CDEFGHIJSTUVWXYZcdefghijstuvwxyz  #3R &'()*56789:CDEFGHIJSTUVWXYZcdefghijstuvwxyz ;52 KB (54022 bytes);fa37e1eafced656052995a41ce4b526b1848ce46;5.18884 (0.0203484);JPEG (Joint Photographic Experts Group JFIF format);8 (0.0313725);255 (1);145.981 (0.572473);48.1477 (0.188815);-0.848732;0.0434124;0.959949
/data/coverData/_alaska2-03358.jpg;6f8cacb9f264024af555b7bbaa473302c50f6abe;/data/out-stego-attrib/_alaska2-03358/outguess/longEbd-shortKey.jpg;da39a3ee5e6b4b0d3255bfef95601890afd80709;outguess;longEbd;shortKey;ce3a186609bceb6c79a9184dcdcc3e7851fdebde;da39a3ee5e6b4b0d3255bfef95601890afd80709;empty;-;-;-;-;-;-;-;-;-;-;-;-;-;-;-;-;-;-;-;-;-;-;-;-;-;-;-;-;-;-;-;-;-;-;-;-;-;-;-;-
/data/coverData/_alaska2-03358.jpg;6f8cacb9f264024af555b7bbaa473302c50f6abe;/data/out-stego-attrib/_alaska2-03358/outguess/lowEntropyEbd-shortKey.jpg;da39a3ee5e6b4b0d3255bfef95601890afd80709;outguess;lowEntropyEbd;shortKey;6b07672d0c71136de528fb719c6768784ebe5879;da39a3ee5e6b4b0d3255bfef95601890afd80709;empty;-;-;-;-;-;-;-;-;-;-;-;-;-;-;-;-;-;-;-;-;-;-;-;-;-;-;-;-;-;-;-;-;-;-;-;-;-;-;-;-
/data/coverData/_alaska2-03358.jpg;6f8cacb9f264024af555b7bbaa473302c50f6abe;/data/out-stego-attrib/_alaska2-03358/outguess/binaryEbd-shortKey.jpg;da39a3ee5e6b4b0d3255bfef95601890afd80709;outguess;binaryEbd;shortKey;21ed4cf4f811051407d1db438a3501932801d069;da39a3ee5e6b4b0d3255bfef95601890afd80709;empty;-;-;-;-;-;-;-;-;-;-;-;-;-;-;-;-;-;-;-;-;-;-;-;-;-;-;-;-;-;-;-;-;-;-;-;-;-;-;-;-
/data/coverData/_alaska2-03358.jpg;6f8cacb9f264024af555b7bbaa473302c50f6abe;/data/out-stego-attrib/_alaska2-03358/outguess/shortEbd-longKey.jpg;c88f90e8a466eddcbf3610b98715e61c3a04ff70;outguess;shortEbd;longKey;7648cf24a314672c5e708249f170706324d060e7;7648cf24a314672c5e708249f170706324d060e7;ok;ok;negative;Loaded 1 files... /data/out-stego-attrib/_alaska2-03358/outguess/shortEbd-longKey.jpg : negative Processed 1 files found 0 embeddings. Time: 0 seconds: Cracks: 56 inf c/s;52.577 (0.206184);64.2101 (0.251804);47.3806 (0.185806);3.75481 (0.0147247);16.4735 (0.0646019);98.5364 (0.386417);11.8909 (0.0466309);10.7965 (0.0423393);8.44831 (0.0331306);6.28881 (0.024662);7.81992 (0.0306664);8.18373 (0.032093);2.39393 (0.00938797);5.1507 (0.0201988);JPEG image data;53 kB;;image/jpeg;1.01;Baseline DCT/ Huffman coding;3;512x512;0.262;JPEG image data;JFIF standard 1.01;JFIF  $.' " # (7) 01444 '9=82<.342 !22222222222222222222222222222222222222222222222222 $3br %&'()*456789:CDEFGHIJSTUVWXYZcdefghijstuvwxyz  #3R &'()*56789:CDEFGHIJSTUVWXYZcdefghijstuvwxyz ;52 KB (53841 bytes);c88f90e8a466eddcbf3610b98715e61c3a04ff70;13.2805 (0.0520803);JPEG (Joint Photographic Experts Group JFIF format);11 (0.0431373);255 (1);145.971 (0.572436);48.1262 (0.18873);-0.852334;0.0434024;0.961666
/data/coverData/_alaska2-03358.jpg;6f8cacb9f264024af555b7bbaa473302c50f6abe;/data/out-stego-attrib/_alaska2-03358/outguess/middleEbd-longKey.jpg;4f593895ec898313102b4caae134d0dafa8c9d17;outguess;middleEbd;longKey;787820e2c9c728e307b925648eacd22d85acdc36;787820e2c9c728e307b925648eacd22d85acdc36;ok;ok;negative;;34.124 (0.13382);47.0003 (0.184315);26.4033 (0.103542);3.42115 (0.0134163);15.6972 (0.0615578);94.8361 (0.371906);6.90165 (0.0270653);3.85986 (0.0151367);2.75969 (0.0108223);2.20036 (0.00862885);2.72272 (0.0106773);2.78887 (0.0109367);0.751934 (0.00294876);1.78305 (0.00699234);JPEG image data;53 kB;;image/jpeg;1.01;Baseline DCT/ Huffman coding;3;512x512;0.262;JPEG image data;JFIF standard 1.01;JFIF  $.' " # (7) 01444 '9=82<.342 !22222222222222222222222222222222222222222222222222 $3br %&'()*456789:CDEFGHIJSTUVWXYZcdefghijstuvwxyz  #3R &'()*56789:CDEFGHIJSTUVWXYZcdefghijstuvwxyz ;52 KB (54014 bytes);4f593895ec898313102b4caae134d0dafa8c9d17;5.22858 (0.0205042);JPEG (Joint Photographic Experts Group JFIF format);5 (0.0196078);255 (1);145.992 (0.572518);48.1615 (0.188869);-0.851285;0.0432275;0.959698
/data/coverData/_alaska2-03358.jpg;6f8cacb9f264024af555b7bbaa473302c50f6abe;/data/out-stego-attrib/_alaska2-03358/outguess/longEbd-longKey.jpg;da39a3ee5e6b4b0d3255bfef95601890afd80709;outguess;longEbd;longKey;ce3a186609bceb6c79a9184dcdcc3e7851fdebde;da39a3ee5e6b4b0d3255bfef95601890afd80709;empty;-;-;-;-;-;-;-;-;-;-;-;-;-;-;-;-;-;-;-;-;-;-;-;-;-;-;-;-;-;-;-;-;-;-;-;-;-;-;-;-
/data/coverData/_alaska2-03358.jpg;6f8cacb9f264024af555b7bbaa473302c50f6abe;/data/out-stego-attrib/_alaska2-03358/outguess/lowEntropyEbd-longKey.jpg;da39a3ee5e6b4b0d3255bfef95601890afd80709;outguess;lowEntropyEbd;longKey;6b07672d0c71136de528fb719c6768784ebe5879;da39a3ee5e6b4b0d3255bfef95601890afd80709;empty;-;-;-;-;-;-;-;-;-;-;-;-;-;-;-;-;-;-;-;-;-;-;-;-;-;-;-;-;-;-;-;-;-;-;-;-;-;-;-;-
/data/coverData/_alaska2-03358.jpg;6f8cacb9f264024af555b7bbaa473302c50f6abe;/data/out-stego-attrib/_alaska2-03358/outguess/binaryEbd-longKey.jpg;da39a3ee5e6b4b0d3255bfef95601890afd80709;outguess;binaryEbd;longKey;21ed4cf4f811051407d1db438a3501932801d069;da39a3ee5e6b4b0d3255bfef95601890afd80709;empty;-;-;-;-;-;-;-;-;-;-;-;-;-;-;-;-;-;-;-;-;-;-;-;-;-;-;-;-;-;-;-;-;-;-;-;-;-;-;-;-
/data/coverData/_alaska2-03358.jpg;6f8cacb9f264024af555b7bbaa473302c50f6abe;/data/out-stego-attrib/_alaska2-03358/outguess-0.13/shortEbd-noKey.jpg;fd818e26a9d91cc047644a44a4b79671fbb5ae81;outguess-0.13;shortEbd;noKey;7648cf24a314672c5e708249f170706324d060e7;7648cf24a314672c5e708249f170706324d060e7;ok;ok;negative;Loaded 1 files...;52.9982 (0.207836);64.2208 (0.251846);47.7065 (0.187084);3.74702 (0.0146942);16.491 (0.0646706);98.5637 (0.386524);12.0514 (0.0472603);10.8646 (0.0426064);8.45707 (0.033165);6.32092 (0.0247879);7.84035 (0.0307465);8.27225 (0.0324402);2.40463 (0.00942993);5.20906 (0.0204277);JPEG image data;53 kB;;image/jpeg;1.01;Baseline DCT/ Huffman coding;3;512x512;0.262;JPEG image data;JFIF standard 1.01;JFIF  $.' " # (7) 01444 '9=82<.342 !22222222222222222222222222222222222222222222222222 $3br %&'()*456789:CDEFGHIJSTUVWXYZcdefghijstuvwxyz  #3R &'()*56789:CDEFGHIJSTUVWXYZcdefghijstuvwxyz ;52 KB (53846 bytes);fd818e26a9d91cc047644a44a4b79671fbb5ae81;13.3824 (0.0524802);JPEG (Joint Photographic Experts Group JFIF format);11 (0.0431373);255 (1);145.969 (0.572427);48.1297 (0.188744);-0.85234;0.0432992;0.961936
/data/coverData/_alaska2-03358.jpg;6f8cacb9f264024af555b7bbaa473302c50f6abe;/data/out-stego-attrib/_alaska2-03358/outguess-0.13/middleEbd-noKey.jpg;7789373ef0cc0133c9f76990e323fa61443db228;outguess-0.13;middleEbd;noKey;787820e2c9c728e307b925648eacd22d85acdc36;787820e2c9c728e307b925648eacd22d85acdc36;ok;ok;negative;Loaded 1 files...;35.9771 (0.141087);49.7706 (0.195179);29.1007 (0.11412);3.42991 (0.0134506);15.8928 (0.0623245);95.2515 (0.373535);9.06309 (0.0355415);4.66822 (0.0183067);3.50189 (0.0137329);2.69257 (0.0105591);3.29664 (0.012928);3.39294 (0.0133057);0.96302 (0.00377655);2.35794 (0.00924683);JPEG image data;53 kB;;image/jpeg;1.01;Baseline DCT/ Huffman coding;3;512x512;0.262;JPEG image data;JFIF standard 1.01;JFIF  $.' " # (7) 01444 '9=82<.342 !22222222222222222222222222222222222222222222222222 $3br %&'()*456789:CDEFGHIJSTUVWXYZcdefghijstuvwxyz  #3R &'()*56789:CDEFGHIJSTUVWXYZcdefghijstuvwxyz ;53 KB (54295 bytes);7789373ef0cc0133c9f76990e323fa61443db228;6.21066 (0.0243555);JPEG (Joint Photographic Experts Group JFIF format);11 (0.0431373);255 (1);145.969 (0.572428);48.1817 (0.188948);-0.850711;0.0447245;0.961277
/data/coverData/_alaska2-03358.jpg;6f8cacb9f264024af555b7bbaa473302c50f6abe;/data/out-stego-attrib/_alaska2-03358/outguess-0.13/longEbd-noKey.jpg;da39a3ee5e6b4b0d3255bfef95601890afd80709;outguess-0.13;longEbd;noKey;ce3a186609bceb6c79a9184dcdcc3e7851fdebde;da39a3ee5e6b4b0d3255bfef95601890afd80709;empty;-;-;-;-;-;-;-;-;-;-;-;-;-;-;-;-;-;-;-;-;-;-;-;-;-;-;-;-;-;-;-;-;-;-;-;-;-;-;-;-
/data/coverData/_alaska2-03358.jpg;6f8cacb9f264024af555b7bbaa473302c50f6abe;/data/out-stego-attrib/_alaska2-03358/outguess-0.13/lowEntropyEbd-noKey.jpg;da39a3ee5e6b4b0d3255bfef95601890afd80709;outguess-0.13;lowEntropyEbd;noKey;6b07672d0c71136de528fb719c6768784ebe5879;da39a3ee5e6b4b0d3255bfef95601890afd80709;empty;-;-;-;-;-;-;-;-;-;-;-;-;-;-;-;-;-;-;-;-;-;-;-;-;-;-;-;-;-;-;-;-;-;-;-;-;-;-;-;-
/data/coverData/_alaska2-03358.jpg;6f8cacb9f264024af555b7bbaa473302c50f6abe;/data/out-stego-attrib/_alaska2-03358/outguess-0.13/binaryEbd-noKey.jpg;da39a3ee5e6b4b0d3255bfef95601890afd80709;outguess-0.13;binaryEbd;noKey;21ed4cf4f811051407d1db438a3501932801d069;da39a3ee5e6b4b0d3255bfef95601890afd80709;empty;-;-;-;-;-;-;-;-;-;-;-;-;-;-;-;-;-;-;-;-;-;-;-;-;-;-;-;-;-;-;-;-;-;-;-;-;-;-;-;-
/data/coverData/_alaska2-03358.jpg;6f8cacb9f264024af555b7bbaa473302c50f6abe;/data/out-stego-attrib/_alaska2-03358/outguess-0.13/shortEbd-shortKey.jpg;81b0c665d261b69d67d8cfd9546f893e6c18f320;outguess-0.13;shortEbd;shortKey;7648cf24a314672c5e708249f170706324d060e7;7648cf24a314672c5e708249f170706324d060e7;ok;ok;negative;Loaded 1 files... /data/out-stego-attrib/_alaska2-03358/outguess-0.13/shortEbd-shortKey.jpg : negative Processed 1 files found 0 embeddings. Time: 0 seconds: Cracks: 56 inf c/s;52.9311 (0.207573);64.394 (0.252525);47.8339 (0.187584);3.77523 (0.0148048);16.4978 (0.0646973);98.6201 (0.386745);11.9181 (0.0467377);10.9492 (0.0429382);8.56602 (0.0335922);6.36761 (0.024971);7.88509 (0.0309219);8.30921 (0.0325851);2.40366 (0.00942612);5.23046 (0.0205116);JPEG image data;53 kB;;image/jpeg;1.01;Baseline DCT/ Huffman coding;3;512x512;0.262;JPEG image data;JFIF standard 1.01;JFIF  $.' " # (7) 01444 '9=82<.342 !22222222222222222222222222222222222222222222222222 $3br %&'()*456789:CDEFGHIJSTUVWXYZcdefghijstuvwxyz  #3R &'()*56789:CDEFGHIJSTUVWXYZcdefghijstuvwxyz ;52 KB (53862 bytes);81b0c665d261b69d67d8cfd9546f893e6c18f320;13.4672 (0.0528124);JPEG (Joint Photographic Experts Group JFIF format);11 (0.0431373);255 (1);145.968 (0.572425);48.1289 (0.188741);-0.852312;0.0434199;0.961932
/data/coverData/_alaska2-03358.jpg;6f8cacb9f264024af555b7bbaa473302c50f6abe;/data/out-stego-attrib/_alaska2-03358/outguess-0.13/middleEbd-shortKey.jpg;e0a9a1f1d24956551e361cb806098f81134a9486;outguess-0.13;middleEbd;shortKey;787820e2c9c728e307b925648eacd22d85acdc36;787820e2c9c728e307b925648eacd22d85acdc36;ok;ok;negative;;36.4751 (0.14304);49.6763 (0.194809);29.7427 (0.116638);3.42213 (0.0134201);15.8957 (0.062336);95.3448 (0.373901);9.13313 (0.0358162);4.81607 (0.0188866);3.64002 (0.0142746);2.75969 (0.0108223);3.34236 (0.0131073);3.47757 (0.0136375);0.972748 (0.0038147);2.33751 (0.00916672);JPEG image data;53 kB;;image/jpeg;1.01;Baseline DCT/ Huffman coding;3;512x512;0.262;JPEG image data;JFIF standard 1.01;JFIF  $.' " # (7) 01444 '9=82<.342 !22222222222222222222222222222222222222222222222222 $3br %&'()*456789:CDEFGHIJSTUVWXYZcdefghijstuvwxyz  #3R &'()*56789:CDEFGHIJSTUVWXYZcdefghijstuvwxyz ;53 KB (54283 bytes);e0a9a1f1d24956551e361cb806098f81134a9486;6.40044 (0.0250998);JPEG (Joint Photographic Experts Group JFIF format);11 (0.0431373);255 (1);145.97 (0.572432);48.1807 (0.188944);-0.850362;0.04375;0.960989
/data/coverData/_alaska2-03358.jpg;6f8cacb9f264024af555b7bbaa473302c50f6abe;/data/out-stego-attrib/_alaska2-03358/outguess-0.13/longEbd-shortKey.jpg;da39a3ee5e6b4b0d3255bfef95601890afd80709;outguess-0.13;longEbd;shortKey;ce3a186609bceb6c79a9184dcdcc3e7851fdebde;da39a3ee5e6b4b0d3255bfef95601890afd80709;empty;-;-;-;-;-;-;-;-;-;-;-;-;-;-;-;-;-;-;-;-;-;-;-;-;-;-;-;-;-;-;-;-;-;-;-;-;-;-;-;-
/data/coverData/_alaska2-03358.jpg;6f8cacb9f264024af555b7bbaa473302c50f6abe;/data/out-stego-attrib/_alaska2-03358/outguess-0.13/lowEntropyEbd-shortKey.jpg;da39a3ee5e6b4b0d3255bfef95601890afd80709;outguess-0.13;lowEntropyEbd;shortKey;6b07672d0c71136de528fb719c6768784ebe5879;da39a3ee5e6b4b0d3255bfef95601890afd80709;empty;-;-;-;-;-;-;-;-;-;-;-;-;-;-;-;-;-;-;-;-;-;-;-;-;-;-;-;-;-;-;-;-;-;-;-;-;-;-;-;-
/data/coverData/_alaska2-03358.jpg;6f8cacb9f264024af555b7bbaa473302c50f6abe;/data/out-stego-attrib/_alaska2-03358/outguess-0.13/binaryEbd-shortKey.jpg;da39a3ee5e6b4b0d3255bfef95601890afd80709;outguess-0.13;binaryEbd;shortKey;21ed4cf4f811051407d1db438a3501932801d069;da39a3ee5e6b4b0d3255bfef95601890afd80709;empty;-;-;-;-;-;-;-;-;-;-;-;-;-;-;-;-;-;-;-;-;-;-;-;-;-;-;-;-;-;-;-;-;-;-;-;-;-;-;-;-
/data/coverData/_alaska2-03358.jpg;6f8cacb9f264024af555b7bbaa473302c50f6abe;/data/out-stego-attrib/_alaska2-03358/outguess-0.13/shortEbd-longKey.jpg;509fbebbd7be4f2b9b4f800a94ccbadd1b361737;outguess-0.13;shortEbd;longKey;7648cf24a314672c5e708249f170706324d060e7;7648cf24a314672c5e708249f170706324d060e7;ok;ok;negative;;52.8776 (0.207363);64.3453 (0.252335);47.9088 (0.187878);3.76842 (0.0147781);16.4764 (0.0646133);98.5734 (0.386562);12.0202 (0.0471382);10.958 (0.0429726);8.60104 (0.0337296);6.38025 (0.0250206);7.93568 (0.0311203);8.32672 (0.0326538);2.39004 (0.00937271);5.23046 (0.0205116);JPEG image data;53 kB;;image/jpeg;1.01;Baseline DCT/ Huffman coding;3;512x512;0.262;JPEG image data;JFIF standard 1.01;JFIF  $.' " # (7) 01444 '9=82<.342 !22222222222222222222222222222222222222222222222222 $3br %&'()*456789:CDEFGHIJSTUVWXYZcdefghijstuvwxyz  #3R &'()*56789:CDEFGHIJSTUVWXYZcdefghijstuvwxyz ;52 KB (53879 bytes);509fbebbd7be4f2b9b4f800a94ccbadd1b361737;13.4757 (0.052846);JPEG (Joint Photographic Experts Group JFIF format);11 (0.0431373);255 (1);145.969 (0.572426);48.1264 (0.188731);-0.852376;0.043451;0.961923
/data/coverData/_alaska2-03358.jpg;6f8cacb9f264024af555b7bbaa473302c50f6abe;/data/out-stego-attrib/_alaska2-03358/outguess-0.13/middleEbd-longKey.jpg;c51dfee3ca792f771ddf7db67aa6c1a5924cdffd;outguess-0.13;middleEbd;longKey;787820e2c9c728e307b925648eacd22d85acdc36;787820e2c9c728e307b925648eacd22d85acdc36;ok;ok;negative;Loaded 1 files... /data/out-stego-attrib/_alaska2-03358/outguess-0.13/middleEbd-longKey.jpg : negative Processed 1 files found 0 embeddings. Time: 0 seconds: Cracks: 56 inf c/s;36.7261 (0.144024);49.3232 (0.193424);29.4694 (0.115566);3.45325 (0.0135422);15.9112 (0.062397);95.3828 (0.37405);9.13897 (0.0358391);4.87833 (0.0191307);3.63419 (0.0142517);2.89587 (0.0113564);3.44742 (0.0135193);3.49995 (0.0137253);1.00971 (0.00395966);2.44646 (0.00959396);JPEG image data;53 kB;;image/jpeg;1.01;Baseline DCT/ Huffman coding;3;512x512;0.262;JPEG image data;JFIF standard 1.01;JFIF  $.' " # (7) 01444 '9=82<.342 !22222222222222222222222222222222222222222222222222 $3br %&'()*456789:CDEFGHIJSTUVWXYZcdefghijstuvwxyz  #3R &'()*56789:CDEFGHIJSTUVWXYZcdefghijstuvwxyz ;52 KB (54263 bytes);c51dfee3ca792f771ddf7db67aa6c1a5924cdffd;6.42502 (0.0251962);JPEG (Joint Photographic Experts Group JFIF format);7 (0.027451);255 (1);145.969 (0.572429);48.1743 (0.188919);-0.850218;0.0439884;0.960509
/data/coverData/_alaska2-03358.jpg;6f8cacb9f264024af555b7bbaa473302c50f6abe;/data/out-stego-attrib/_alaska2-03358/outguess-0.13/longEbd-longKey.jpg;da39a3ee5e6b4b0d3255bfef95601890afd80709;outguess-0.13;longEbd;longKey;ce3a186609bceb6c79a9184dcdcc3e7851fdebde;da39a3ee5e6b4b0d3255bfef95601890afd80709;empty;-;-;-;-;-;-;-;-;-;-;-;-;-;-;-;-;-;-;-;-;-;-;-;-;-;-;-;-;-;-;-;-;-;-;-;-;-;-;-;-
/data/coverData/_alaska2-03358.jpg;6f8cacb9f264024af555b7bbaa473302c50f6abe;/data/out-stego-attrib/_alaska2-03358/outguess-0.13/lowEntropyEbd-longKey.jpg;da39a3ee5e6b4b0d3255bfef95601890afd80709;outguess-0.13;lowEntropyEbd;longKey;6b07672d0c71136de528fb719c6768784ebe5879;da39a3ee5e6b4b0d3255bfef95601890afd80709;empty;-;-;-;-;-;-;-;-;-;-;-;-;-;-;-;-;-;-;-;-;-;-;-;-;-;-;-;-;-;-;-;-;-;-;-;-;-;-;-;-
/data/coverData/_alaska2-03358.jpg;6f8cacb9f264024af555b7bbaa473302c50f6abe;/data/out-stego-attrib/_alaska2-03358/outguess-0.13/binaryEbd-longKey.jpg;da39a3ee5e6b4b0d3255bfef95601890afd80709;outguess-0.13;binaryEbd;longKey;21ed4cf4f811051407d1db438a3501932801d069;da39a3ee5e6b4b0d3255bfef95601890afd80709;empty;-;-;-;-;-;-;-;-;-;-;-;-;-;-;-;-;-;-;-;-;-;-;-;-;-;-;-;-;-;-;-;-;-;-;-;-;-;-;-;-
/data/coverData/_alaska2-03358.jpg;6f8cacb9f264024af555b7bbaa473302c50f6abe;/data/out-stego-attrib/_alaska2-03358/steghide/shortEbd-shortKey.jpg;b4387b7f914f1d6fc7ca4da0440d8a4e76500e82;steghide;shortEbd;shortKey;7648cf24a314672c5e708249f170706324d060e7;7648cf24a314672c5e708249f170706324d060e7;ok;ok;negative;-;232.953 (0.91354);232.213 (0.910641);233.161 (0.914356);210.538 (0.825638);212.649 (0.83392);227.375 (0.891666);221.076 (0.866966);229.532 (0.900127);225.343 (0.883698);221.809 (0.869839);224.744 (0.881348);225.769 (0.885368);216.445 (0.848804);221.589 (0.868977);JPEG image data;65 kB;;image/jpeg;1.01;Baseline DCT/ Huffman coding;3;512x512;0.262;JPEG image data;JFIF standard 1.01;JFIF  $.' " # (7) 01444 '9=82<.342 !22222222222222222222222222222222222222222222222222 $3br %&'()*456789:CDEFGHIJSTUVWXYZcdefghijstuvwxyz  #3R &'()*56789:CDEFGHIJSTUVWXYZcdefghijstuvwxyz ;65 KB (66645 bytes);b4387b7f914f1d6fc7ca4da0440d8a4e76500e82;229.722 (0.900871);JPEG (Joint Photographic Experts Group JFIF format);18 (0.0705882);255 (1);145.983 (0.572484);48.0883 (0.188582);-0.856021;0.051251;0.961243
/data/coverData/_alaska2-03358.jpg;6f8cacb9f264024af555b7bbaa473302c50f6abe;/data/out-stego-attrib/_alaska2-03358/steghide/middleEbd-shortKey.jpg;0d46f909ef2fe848f152a49ea28c3dfd18867133;steghide;middleEbd;shortKey;787820e2c9c728e307b925648eacd22d85acdc36;787820e2c9c728e307b925648eacd22d85acdc36;ok;ok;negative;-;184.478 (0.723442);182.161 (0.714355);182.094 (0.714092);129.007 (0.505909);135.146 (0.529984);176.677 (0.692852);156.845 (0.615078);171.851 (0.673927);160.77 (0.63047);153.013 (0.600052);160.091 (0.627808);162.313 (0.63652);140.789 (0.552113);153.086 (0.600338);JPEG image data;65 kB;;image/jpeg;1.01;Baseline DCT/ Huffman coding;3;512x512;0.262;JPEG image data;JFIF standard 1.01;JFIF  $.' " # (7) 01444 '9=82<.342 !22222222222222222222222222222222222222222222222222 $3br %&'()*456789:CDEFGHIJSTUVWXYZcdefghijstuvwxyz  #3R &'()*56789:CDEFGHIJSTUVWXYZcdefghijstuvwxyz ;65 KB (66722 bytes);0d46f909ef2fe848f152a49ea28c3dfd18867133;172.488 (0.676425);JPEG (Joint Photographic Experts Group JFIF format);13 (0.0509804);255 (1);145.987 (0.572498);48.0945 (0.188606);-0.856036;0.051062;0.960253
/data/coverData/_alaska2-03358.jpg;6f8cacb9f264024af555b7bbaa473302c50f6abe;/data/out-stego-attrib/_alaska2-03358/steghide/longEbd-shortKey.jpg;9513df0b77b1c7b3f7f769ea3b16c69aff4ff00c;steghide;longEbd;shortKey;ce3a186609bceb6c79a9184dcdcc3e7851fdebde;ce3a186609bceb6c79a9184dcdcc3e7851fdebde;ok;ok;negative;-;154.62 (0.606354);152.975 (0.599903);153.114 (0.600449);91.0852 (0.357197);99.2553 (0.389236);153.005 (0.600021);126.458 (0.495914);138.745 (0.544098);125.504 (0.492172);116.634 (0.45739);124.393 (0.487816);127.273 (0.499111);103.45 (0.405685);118.12 (0.463215);JPEG image data;65 kB;;image/jpeg;1.01;Baseline DCT/ Huffman coding;3;512x512;0.262;JPEG image data;JFIF standard 1.01;JFIF  $.' " # (7) 01444 '9=82<.342 !22222222222222222222222222222222222222222222222222 $3br %&'()*456789:CDEFGHIJSTUVWXYZcdefghijstuvwxyz  #3R &'()*56789:CDEFGHIJSTUVWXYZcdefghijstuvwxyz ;65 KB (66754 bytes);9513df0b77b1c7b3f7f769ea3b16c69aff4ff00c;139.61 (0.54749);JPEG (Joint Photographic Experts Group JFIF format);13 (0.0509804);255 (1);145.99 (0.57251);48.0975 (0.188618);-0.855518;0.0511942;0.959786
/data/coverData/_alaska2-03358.jpg;6f8cacb9f264024af555b7bbaa473302c50f6abe;/data/out-stego-attrib/_alaska2-03358/steghide/lowEntropyEbd-shortKey.jpg;79032706281b0158ee8a4f9cf3517d51e93dcb9b;steghide;lowEntropyEbd;shortKey;6b07672d0c71136de528fb719c6768784ebe5879;6b07672d0c71136de528fb719c6768784ebe5879;ok;ok;negative;-;235.689 (0.924271);234.697 (0.92038);235.077 (0.921871);214.3 (0.840393);216.174 (0.84774);229.505 (0.900021);224.033 (0.878559);231.965 (0.909668);227.924 (0.893818);224.993 (0.882324);227.529 (0.892269);228.506 (0.896103);219.932 (0.86248);224.539 (0.880547);JPEG image data;65 kB;;image/jpeg;1.01;Baseline DCT/ Huffman coding;3;512x512;0.262;JPEG image data;JFIF standard 1.01;JFIF  $.' " # (7) 01444 '9=82<.342 !22222222222222222222222222222222222222222222222222 $3br %&'()*456789:CDEFGHIJSTUVWXYZcdefghijstuvwxyz  #3R &'()*56789:CDEFGHIJSTUVWXYZcdefghijstuvwxyz ;65 KB (66643 bytes);79032706281b0158ee8a4f9cf3517d51e93dcb9b;232.123 (0.910287);JPEG (Joint Photographic Experts Group JFIF format);18 (0.0705882);255 (1);145.981 (0.572474);48.0904 (0.18859);-0.855976;0.0510743;0.960989
/data/coverData/_alaska2-03358.jpg;6f8cacb9f264024af555b7bbaa473302c50f6abe;/data/out-stego-attrib/_alaska2-03358/steghide/binaryEbd-shortKey.jpg;42f81bcd9401a181b0e3fddffd6b54e93a3468b1;steghide;binaryEbd;shortKey;21ed4cf4f811051407d1db438a3501932801d069;21ed4cf4f811051407d1db438a3501932801d069;ok;ok;negative;-;75.8607 (0.297493);77.2761 (0.303043);70.9007 (0.278042);19.8343 (0.0777817);31.2174 (0.122421);105.37 (0.413216);54.0011 (0.211769);49.8144 (0.195351);38.9605 (0.152786);32.7028 (0.128246);38.8691 (0.152428);40.5519 (0.159027);24.5424 (0.0962448);36.2057 (0.141983);JPEG image data;65 kB;;image/jpeg;1.01;Baseline DCT/ Huffman coding;3;512x512;0.262;JPEG image data;JFIF standard 1.01;JFIF  $.' " # (7) 01444 '9=82<.342 !22222222222222222222222222222222222222222222222222 $3br %&'()*456789:CDEFGHIJSTUVWXYZcdefghijstuvwxyz  #3R &'()*56789:CDEFGHIJSTUVWXYZcdefghijstuvwxyz ;65 KB (66978 bytes);42f81bcd9401a181b0e3fddffd6b54e93a3468b1;51.5224 (0.202049);JPEG (Joint Photographic Experts Group JFIF format);12 (0.0470588);255 (1);145.989 (0.572507);48.1256 (0.188728);-0.85467;0.0507998;0.96028
/data/coverData/_alaska2-03358.jpg;6f8cacb9f264024af555b7bbaa473302c50f6abe;/data/out-stego-attrib/_alaska2-03358/steghide/shortEbd-longKey.jpg;9d81242216028c36c56e4b3aa8d34663c221b4d9;steghide;shortEbd;longKey;7648cf24a314672c5e708249f170706324d060e7;7648cf24a314672c5e708249f170706324d060e7;ok;ok;negative;-;235.085 (0.921902);233.713 (0.916523);233.844 (0.917034);212.252 (0.832359);214.277 (0.840302);228.263 (0.895149);222.285 (0.871704);230.296 (0.903122);226.526 (0.888336);223.238 (0.875443);225.532 (0.884438);226.7 (0.889019);217.912 (0.854557);222.743 (0.873501);JPEG image data;65 kB;;image/jpeg;1.01;Baseline DCT/ Huffman coding;3;512x512;0.262;JPEG image data;JFIF standard 1.01;JFIF  $.' " # (7) 01444 '9=82<.342 !22222222222222222222222222222222222222222222222222 $3br %&'()*456789:CDEFGHIJSTUVWXYZcdefghijstuvwxyz  #3R &'()*56789:CDEFGHIJSTUVWXYZcdefghijstuvwxyz ;65 KB (66681 bytes);9d81242216028c36c56e4b3aa8d34663c221b4d9;230.48 (0.903844);JPEG (Joint Photographic Experts Group JFIF format);18 (0.0705882);255 (1);145.98 (0.572472);48.0898 (0.188587);-0.855953;0.0511235;0.960992
/data/coverData/_alaska2-03358.jpg;6f8cacb9f264024af555b7bbaa473302c50f6abe;/data/out-stego-attrib/_alaska2-03358/steghide/middleEbd-longKey.jpg;b72addcd1af95b85c547e55c134481d6fbc3abe5;steghide;middleEbd;longKey;787820e2c9c728e307b925648eacd22d85acdc36;787820e2c9c728e307b925648eacd22d85acdc36;ok;ok;negative;-;185.196 (0.726257);182.896 (0.717239);182.647 (0.716263);129.698 (0.508621);135.71 (0.532196);176.595 (0.692528);157.799 (0.61882);172.445 (0.676254);161.564 (0.633583);153.551 (0.602161);160.472 (0.629303);163.086 (0.639553);141.386 (0.554455);153.467 (0.60183);JPEG image data;65 kB;;image/jpeg;1.01;Baseline DCT/ Huffman coding;3;512x512;0.262;JPEG image data;JFIF standard 1.01;JFIF  $.' " # (7) 01444 '9=82<.342 !22222222222222222222222222222222222222222222222222 $3br %&'()*456789:CDEFGHIJSTUVWXYZcdefghijstuvwxyz  #3R &'()*56789:CDEFGHIJSTUVWXYZcdefghijstuvwxyz ;65 KB (66716 bytes);b72addcd1af95b85c547e55c134481d6fbc3abe5;173.081 (0.67875);JPEG (Joint Photographic Experts Group JFIF format);18 (0.0705882);255 (1);145.981 (0.572473);48.0955 (0.18861);-0.855891;0.0512601;0.960767
/data/coverData/_alaska2-03358.jpg;6f8cacb9f264024af555b7bbaa473302c50f6abe;/data/out-stego-attrib/_alaska2-03358/steghide/longEbd-longKey.jpg;ad747b9e0b0eb5f4c5af814b6eef3cbb677097e8;steghide;longEbd;longKey;ce3a186609bceb6c79a9184dcdcc3e7851fdebde;ce3a186609bceb6c79a9184dcdcc3e7851fdebde;ok;ok;negative;-;154.216 (0.604767);152.253 (0.597069);152.728 (0.598934);90.1231 (0.353424);98.0423 (0.38448);152.033 (0.596207);123.763 (0.485344);137.635 (0.539745);124.743 (0.489189);115.187 (0.451714);124.104 (0.486683);126.458 (0.495914);101.978 (0.399914);116.69 (0.457607);JPEG image data;65 kB;;image/jpeg;1.01;Baseline DCT/ Huffman coding;3;512x512;0.262;JPEG image data;JFIF standard 1.01;JFIF  $.' " # (7) 01444 '9=82<.342 !22222222222222222222222222222222222222222222222222 $3br %&'()*456789:CDEFGHIJSTUVWXYZcdefghijstuvwxyz  #3R &'()*56789:CDEFGHIJSTUVWXYZcdefghijstuvwxyz ;65 KB (66762 bytes);ad747b9e0b0eb5f4c5af814b6eef3cbb677097e8;138.608 (0.54356);JPEG (Joint Photographic Experts Group JFIF format);20 (0.0784314);255 (1);145.985 (0.57249);48.1013 (0.188633);-0.855797;0.0512275;0.96211
/data/coverData/_alaska2-03358.jpg;6f8cacb9f264024af555b7bbaa473302c50f6abe;/data/out-stego-attrib/_alaska2-03358/steghide/lowEntropyEbd-longKey.jpg;8b5c692a9cb2120af3bad164b61c2c5d8d206744;steghide;lowEntropyEbd;longKey;6b07672d0c71136de528fb719c6768784ebe5879;6b07672d0c71136de528fb719c6768784ebe5879;ok;ok;negative;-;236.521 (0.927532);235.305 (0.922764);235.229 (0.922466);215.619 (0.845566);217.46 (0.852783);230.341 (0.903297);225.038 (0.882504);232.348 (0.911167);228.792 (0.897224);225.644 (0.88488);227.933 (0.893856);228.944 (0.89782);220.98 (0.866589);225.26 (0.883373);JPEG image data;65 kB;;image/jpeg;1.01;Baseline DCT/ Huffman coding;3;512x512;0.262;JPEG image data;JFIF standard 1.01;JFIF  $.' " # (7) 01444 '9=82<.342 !22222222222222222222222222222222222222222222222222 $3br %&'()*456789:CDEFGHIJSTUVWXYZcdefghijstuvwxyz  #3R &'()*56789:CDEFGHIJSTUVWXYZcdefghijstuvwxyz ;65 KB (66659 bytes);8b5c692a9cb2120af3bad164b61c2c5d8d206744;232.545 (0.91194);JPEG (Joint Photographic Experts Group JFIF format);18 (0.0705882);255 (1);145.98 (0.57247);48.0914 (0.188594);-0.856036;0.0510371;0.960992
/data/coverData/_alaska2-03358.jpg;6f8cacb9f264024af555b7bbaa473302c50f6abe;/data/out-stego-attrib/_alaska2-03358/steghide/binaryEbd-longKey.jpg;f11b722aff50eef540ebddbe29e53cb782039c64;steghide;binaryEbd;longKey;21ed4cf4f811051407d1db438a3501932801d069;21ed4cf4f811051407d1db438a3501932801d069;ok;ok;negative;-;73.8121 (0.289459);75.3315 (0.295418);68.8054 (0.269825);18.8771 (0.074028);30.125 (0.118137);104.607 (0.410225);52.4253 (0.205589);47.5907 (0.18663);37.4343 (0.146801);30.7476 (0.120579);36.5315 (0.143261);38.6687 (0.151642);23.3168 (0.0914383);34.8098 (0.136509);JPEG image data;65 kB;;image/jpeg;1.01;Baseline DCT/ Huffman coding;3;512x512;0.262;JPEG image data;JFIF standard 1.01;JFIF  $.' " # (7) 01444 '9=82<.342 !22222222222222222222222222222222222222222222222222 $3br %&'()*456789:CDEFGHIJSTUVWXYZcdefghijstuvwxyz  #3R &'()*56789:CDEFGHIJSTUVWXYZcdefghijstuvwxyz ;65 KB (66969 bytes);f11b722aff50eef540ebddbe29e53cb782039c64;49.1698 (0.192823);JPEG (Joint Photographic Experts Group JFIF format);17 (0.0666667);255 (1);145.998 (0.57254);48.1231 (0.188718);-0.853239;0.0507402;0.960829
/data/coverData/_alaska2-03358.jpg;6f8cacb9f264024af555b7bbaa473302c50f6abe;/data/out-stego-attrib/_alaska2-03358/f5/shortEbd-noKey.jpg;35ccbf6f34e38376a90050472a4122aa287688b1;f5;shortEbd;noKey;7648cf24a314672c5e708249f170706324d060e7;7648cf24a314672c5e708249f170706324d060e7;ok;ok;skipped (false positive likely);-;36.5568 (0.14336);51.9632 (0.203777);29.2739 (0.114799);2.80443 (0.0109978);14.063 (0.0551491);93.6931 (0.367424);10.0349 (0.0393524);4.59818 (0.0180321);3.12836 (0.0122681);2.75774 (0.0108147);3.25579 (0.0127678);3.26746 (0.0128136);0.717888 (0.00281525);2.5486 (0.00999451);JPEG image data;56 kB;;image/jpeg;1.01;Baseline DCT/ Huffman coding;3;512x512;0.262;JPEG image data;JFIF standard 1.01;JFIF written by fengji    #&')*) -0-(0%()( (((((((((((((((((((((((((((((((((((((((((((((((((( $3br %&'()*456789:CDEFGHIJSTUVWXYZcdefghijstuvwxyz  #3R &'()*56789:CDEFGHIJSTUVWXYZcdefghijstuvwxyz ;56 KB (57746 bytes);35ccbf6f34e38376a90050472a4122aa287688b1;6.08445 (0.0238606);JPEG (Joint Photographic Experts Group JFIF format);15 (0.0588235);255 (1);146.264 (0.573585);48.0634 (0.188484);-0.86801;0.0429719;0.963934
/data/coverData/_alaska2-03358.jpg;6f8cacb9f264024af555b7bbaa473302c50f6abe;/data/out-stego-attrib/_alaska2-03358/f5/middleEbd-noKey.jpg;b1643ba21aba687686dde2c6d108190619801f9b;f5;middleEbd;noKey;787820e2c9c728e307b925648eacd22d85acdc36;787820e2c9c728e307b925648eacd22d85acdc36;ok;ok;skipped (false positive likely);-;32.8098 (0.128666);45.5946 (0.178802);27.0706 (0.106159);2.58459 (0.0101357);13.2342 (0.051899);90.9646 (0.356724);8.78975 (0.0344696);3.59138 (0.0140839);2.48343 (0.00973892);2.1916 (0.00859451);2.56611 (0.0100632);2.54179 (0.0099678);0.542793 (0.0021286);2.00872 (0.00787735);JPEG image data;56 kB;;image/jpeg;1.01;Baseline DCT/ Huffman coding;3;512x512;0.262;JPEG image data;JFIF standard 1.01;JFIF written by fengji    #&')*) -0-(0%()( (((((((((((((((((((((((((((((((((((((((((((((((((( $3br %&'()*456789:CDEFGHIJSTUVWXYZcdefghijstuvwxyz  #3R &'()*56789:CDEFGHIJSTUVWXYZcdefghijstuvwxyz ;55 KB (56889 bytes);b1643ba21aba687686dde2c6d108190619801f9b;4.83081 (0.0189444);JPEG (Joint Photographic Experts Group JFIF format);16 (0.0627451);255 (1);146.266 (0.573593);48.0125 (0.188284);-0.866354;0.0418201;0.963267
/data/coverData/_alaska2-03358.jpg;6f8cacb9f264024af555b7bbaa473302c50f6abe;/data/out-stego-attrib/_alaska2-03358/f5/longEbd-noKey.jpg;eaf04d96b742c38633696b0b60460e8d07d2b67c;f5;longEbd;noKey;ce3a186609bceb6c79a9184dcdcc3e7851fdebde;da39a3ee5e6b4b0d3255bfef95601890afd80709;ok;empty;skipped (false positive likely);-;23.3547 (0.0915871);28.6114 (0.112202);19.8158 (0.0777092);1.46204 (0.00573349);8.94053 (0.0350609);79.136 (0.310337);4.20422 (0.0164871);1.48344 (0.00581741);1.06808 (0.00418854);0.946484 (0.0037117);1.00096 (0.00392532);1.03306 (0.00405121);0.212059 (0.000831604);0.838509 (0.00328827);JPEG image data;50 kB;;image/jpeg;1.01;Baseline DCT/ Huffman coding;3;512x512;0.262;JPEG image data;JFIF standard 1.01;JFIF written by fengji    #&')*) -0-(0%()( (((((((((((((((((((((((((((((((((((((((((((((((((( $3br %&'()*456789:CDEFGHIJSTUVWXYZcdefghijstuvwxyz  #3R &'()*56789:CDEFGHIJSTUVWXYZcdefghijstuvwxyz ;50 KB (51342 bytes);eaf04d96b742c38633696b0b60460e8d07d2b67c;2.15803 (0.00846285);JPEG (Joint Photographic Experts Group JFIF format);15 (0.0588235);255 (1);146.257 (0.573559);47.722 (0.187145);-0.854541;0.0335315;0.96271
/data/coverData/_alaska2-03358.jpg;6f8cacb9f264024af555b7bbaa473302c50f6abe;/data/out-stego-attrib/_alaska2-03358/f5/lowEntropyEbd-noKey.jpg;631cc289f0edd3b24829e8bd0382354196fd071b;f5;lowEntropyEbd;noKey;6b07672d0c71136de528fb719c6768784ebe5879;da39a3ee5e6b4b0d3255bfef95601890afd80709;ok;empty;skipped (false positive likely);-;23.2351 (0.0911179);28.7437 (0.11272);19.7818 (0.0775757);1.39978 (0.00548935);8.73236 (0.0342445);78.8111 (0.309063);4.20616 (0.0164948);1.46788 (0.00575638);1.07489 (0.00421524);0.997066 (0.00391006);1.04765 (0.00410843);1.0457 (0.0041008);0.25486 (0.000999451);0.866718 (0.0033989);JPEG image data;50 kB;;image/jpeg;1.01;Baseline DCT/ Huffman coding;3;512x512;0.262;JPEG image data;JFIF standard 1.01;JFIF written by fengji    #&')*) -0-(0%()( (((((((((((((((((((((((((((((((((((((((((((((((((( $3br %&'()*456789:CDEFGHIJSTUVWXYZcdefghijstuvwxyz  #3R &'()*56789:CDEFGHIJSTUVWXYZcdefghijstuvwxyz ;50 KB (51298 bytes);631cc289f0edd3b24829e8bd0382354196fd071b;2.10745 (0.00826452);JPEG (Joint Photographic Experts Group JFIF format);12 (0.0470588);255 (1);146.262 (0.573575);47.7161 (0.187122);-0.855077;0.0335916;0.960833
/data/coverData/_alaska2-03358.jpg;6f8cacb9f264024af555b7bbaa473302c50f6abe;/data/out-stego-attrib/_alaska2-03358/f5/shortEbd-shortKey.jpg;05ba351860ad365dc137855bfd84356c31a8cec5;f5;shortEbd;shortKey;7648cf24a314672c5e708249f170706324d060e7;7648cf24a314672c5e708249f170706324d060e7;ok;ok;skipped (false positive likely);-;36.4985 (0.143131);51.972 (0.203812);29.0968 (0.114105);2.79179 (0.0109482);14.0445 (0.0550766);93.6766 (0.367359);9.94829 (0.0390129);4.58261 (0.017971);3.1196 (0.0122337);2.72078 (0.0106697);3.26162 (0.0127907);3.248 (0.0127373);0.728588 (0.00285721);2.5272 (0.00991058);JPEG image data;56 kB;;image/jpeg;1.01;Baseline DCT/ Huffman coding;3;512x512;0.262;JPEG image data;JFIF standard 1.01;JFIF written by fengji    #&')*) -0-(0%()( (((((((((((((((((((((((((((((((((((((((((((((((((( $3br %&'()*456789:CDEFGHIJSTUVWXYZcdefghijstuvwxyz  #3R &'()*56789:CDEFGHIJSTUVWXYZcdefghijstuvwxyz ;56 KB (57753 bytes);05ba351860ad365dc137855bfd84356c31a8cec5;6.05477 (0.0237442);JPEG (Joint Photographic Experts Group JFIF format);15 (0.0588235);255 (1);146.264 (0.573585);48.0632 (0.188483);-0.867953;0.0428596;0.963419
/data/coverData/_alaska2-03358.jpg;6f8cacb9f264024af555b7bbaa473302c50f6abe;/data/out-stego-attrib/_alaska2-03358/f5/middleEbd-shortKey.jpg;d51c0b2aa80f3fdbb8a504e475ebc986d6f29686;f5;middleEbd;shortKey;787820e2c9c728e307b925648eacd22d85acdc36;787820e2c9c728e307b925648eacd22d85acdc36;ok;ok;skipped (false positive likely);-;33.3458 (0.130768);46.2065 (0.181202);26.6115 (0.104359);2.55249 (0.0100098);13.2196 (0.0518417);91.2048 (0.357666);8.91134 (0.0349464);3.69644 (0.0144958);2.6021 (0.0102043);2.24024 (0.00878525);2.59043 (0.0101585);2.56222 (0.0100479);0.620613 (0.00243378);2.06709 (0.00810623);JPEG image data;56 kB;;image/jpeg;1.01;Baseline DCT/ Huffman coding;3;512x512;0.262;JPEG image data;JFIF standard 1.01;JFIF written by fengji    #&')*) -0-(0%()( (((((((((((((((((((((((((((((((((((((((((((((((((( $3br %&'()*456789:CDEFGHIJSTUVWXYZcdefghijstuvwxyz  #3R &'()*56789:CDEFGHIJSTUVWXYZcdefghijstuvwxyz ;55 KB (56901 bytes);d51c0b2aa80f3fdbb8a504e475ebc986d6f29686;4.95769 (0.0194419);JPEG (Joint Photographic Experts Group JFIF format);15 (0.0588235);255 (1);146.265 (0.573588);48.0157 (0.188297);-0.866247;0.041381;0.96277
/data/coverData/_alaska2-03358.jpg;6f8cacb9f264024af555b7bbaa473302c50f6abe;/data/out-stego-attrib/_alaska2-03358/f5/longEbd-shortKey.jpg;7f9857276559e7c8751c62eca78de2f974268a8e;f5;longEbd;shortKey;ce3a186609bceb6c79a9184dcdcc3e7851fdebde;da39a3ee5e6b4b0d3255bfef95601890afd80709;ok;empty;skipped (false positive likely);-;23.2993 (0.0913696);28.9645 (0.113586);19.9452 (0.0782166);1.45037 (0.00568771);8.69442 (0.0340958);79.1019 (0.310204);4.11764 (0.0161476);1.53013 (0.00600052);1.08364 (0.00424957);1.01555 (0.00398254);1.06321 (0.00416946);1.09629 (0.00429916);0.251942 (0.000988007);0.898819 (0.00352478);JPEG image data;50 kB;;image/jpeg;1.01;Baseline DCT/ Huffman coding;3;512x512;0.262;JPEG image data;JFIF standard 1.01;JFIF written by fengji    #&')*) -0-(0%()( (((((((((((((((((((((((((((((((((((((((((((((((((( $3br %&'()*456789:CDEFGHIJSTUVWXYZcdefghijstuvwxyz  #3R &'()*56789:CDEFGHIJSTUVWXYZcdefghijstuvwxyz ;50 KB (51349 bytes);7f9857276559e7c8751c62eca78de2f974268a8e;2.22122 (0.00871067);JPEG (Joint Photographic Experts Group JFIF format);20 (0.0784314);255 (1);146.261 (0.573573);47.7202 (0.187138);-0.854362;0.033694;0.962431
/data/coverData/_alaska2-03358.jpg;6f8cacb9f264024af555b7bbaa473302c50f6abe;/data/out-stego-attrib/_alaska2-03358/f5/lowEntropyEbd-shortKey.jpg;b440145b795a510421b015256f2dc107c7023a5e;f5;lowEntropyEbd;shortKey;6b07672d0c71136de528fb719c6768784ebe5879;da39a3ee5e6b4b0d3255bfef95601890afd80709;ok;empty;skipped (false positive likely);-;23.5882 (0.0925026);28.8371 (0.113087);19.3917 (0.076046);1.42897 (0.00560379);8.75959 (0.0343513);78.9852 (0.309746);4.19643 (0.0164566);1.41243 (0.00553894);0.983448 (0.00385666);0.99123 (0.00388718);0.997066 (0.00391006);0.999012 (0.00391769);0.225677 (0.00088501);0.827808 (0.00324631);JPEG image data;50 kB;;image/jpeg;1.01;Baseline DCT/ Huffman coding;3;512x512;0.262;JPEG image data;JFIF standard 1.01;JFIF written by fengji    #&')*) -0-(0%()( (((((((((((((((((((((((((((((((((((((((((((((((((( $3br %&'()*456789:CDEFGHIJSTUVWXYZcdefghijstuvwxyz  #3R &'()*56789:CDEFGHIJSTUVWXYZcdefghijstuvwxyz ;50 KB (51283 bytes);b440145b795a510421b015256f2dc107c7023a5e;2.09921 (0.00823218);JPEG (Joint Photographic Experts Group JFIF format);11 (0.0431373);255 (1);146.265 (0.573588);47.7247 (0.187156);-0.855214;0.0331006;0.962722
/data/coverData/_alaska2-03358.jpg;6f8cacb9f264024af555b7bbaa473302c50f6abe;/data/out-stego-attrib/_alaska2-03358/f5/shortEbd-longKey.jpg;93c80bad738dd6d75199a3c65f4e99146026c936;f5;shortEbd;longKey;7648cf24a314672c5e708249f170706324d060e7;7648cf24a314672c5e708249f170706324d060e7;ok;ok;skipped (false positive likely);-;36.6055 (0.143551);52.0157 (0.203983);29.1747 (0.11441);2.80249 (0.0109901);14.0727 (0.0551872);93.7106 (0.367493);9.96288 (0.0390701);4.57094 (0.0179253);3.1303 (0.0122757);2.70327 (0.010601);3.24314 (0.0127182);3.24314 (0.0127182);0.713024 (0.00279617);2.55444 (0.0100174);JPEG image data;56 kB;;image/jpeg;1.01;Baseline DCT/ Huffman coding;3;512x512;0.262;JPEG image data;JFIF standard 1.01;JFIF written by fengji    #&')*) -0-(0%()( (((((((((((((((((((((((((((((((((((((((((((((((((( $3br %&'()*456789:CDEFGHIJSTUVWXYZcdefghijstuvwxyz  #3R &'()*56789:CDEFGHIJSTUVWXYZcdefghijstuvwxyz ;56 KB (57739 bytes);93c80bad738dd6d75199a3c65f4e99146026c936;6.05252 (0.0237354);JPEG (Joint Photographic Experts Group JFIF format);15 (0.0588235);255 (1);146.264 (0.573585);48.0644 (0.188488);-0.868027;0.0429434;0.963423
/data/coverData/_alaska2-03358.jpg;6f8cacb9f264024af555b7bbaa473302c50f6abe;/data/out-stego-attrib/_alaska2-03358/f5/middleEbd-longKey.jpg;dd2c8842e9a523f7b42bdac0307f3fb25420ebc7;f5;middleEbd;longKey;787820e2c9c728e307b925648eacd22d85acdc36;787820e2c9c728e307b925648eacd22d85acdc36;ok;ok;skipped (false positive likely);-;33.09 (0.129765);45.974 (0.18029);26.8439 (0.10527);2.56027 (0.0100403);13.2897 (0.0521164);91.1562 (0.357475);8.88313 (0.0348358);3.62446 (0.0142136);2.60696 (0.0102234);2.24899 (0.00881958);2.48732 (0.00975418);2.56319 (0.0100517);0.599213 (0.00234985);1.98927 (0.00780106);JPEG image data;56 kB;;image/jpeg;1.01;Baseline DCT/ Huffman coding;3;512x512;0.262;JPEG image data;JFIF standard 1.01;JFIF written by fengji    #&')*) -0-(0%()( (((((((((((((((((((((((((((((((((((((((((((((((((( $3br %&'()*456789:CDEFGHIJSTUVWXYZcdefghijstuvwxyz  #3R &'()*56789:CDEFGHIJSTUVWXYZcdefghijstuvwxyz ;55 KB (56930 bytes);dd2c8842e9a523f7b42bdac0307f3fb25420ebc7;4.88094 (0.019141);JPEG (Joint Photographic Experts Group JFIF format);15 (0.0588235);255 (1);146.264 (0.573584);48.017 (0.188302);-0.866137;0.0412952;0.962495
/data/coverData/_alaska2-03358.jpg;6f8cacb9f264024af555b7bbaa473302c50f6abe;/data/out-stego-attrib/_alaska2-03358/f5/longEbd-longKey.jpg;03966602b09155bf1e7eeafc9ee092e7afdaa93b;f5;longEbd;longKey;ce3a186609bceb6c79a9184dcdcc3e7851fdebde;da39a3ee5e6b4b0d3255bfef95601890afd80709;ok;empty;skipped (false positive likely);-;23.4004 (0.0917664);28.5433 (0.111935);19.7721 (0.0775375);1.4348 (0.00562668);8.54851 (0.0335236);78.9949 (0.309784);4.11278 (0.0161285);1.42021 (0.00556946);0.945511 (0.00370789);0.936756 (0.00367355);1.00485 (0.00394058);1.00971 (0.00395966);0.243187 (0.000953674);0.83559 (0.00327682);JPEG image data;50 kB;;image/jpeg;1.01;Baseline DCT/ Huffman coding;3;512x512;0.262;JPEG image data;JFIF standard 1.01;JFIF written by fengji    #&')*) -0-(0%()( (((((((((((((((((((((((((((((((((((((((((((((((((( $3br %&'()*456789:CDEFGHIJSTUVWXYZcdefghijstuvwxyz  #3R &'()*56789:CDEFGHIJSTUVWXYZcdefghijstuvwxyz ;50 KB (51322 bytes);03966602b09155bf1e7eeafc9ee092e7afdaa93b;2.06111 (0.00808279);JPEG (Joint Photographic Experts Group JFIF format);11 (0.0431373);255 (1);146.262 (0.573578);47.7218 (0.187144);-0.855164;0.0327093;0.962164
/data/coverData/_alaska2-03358.jpg;6f8cacb9f264024af555b7bbaa473302c50f6abe;/data/out-stego-attrib/_alaska2-03358/f5/lowEntropyEbd-longKey.jpg;b725c72784c163090b819fb719411efec0ffe71e;f5;lowEntropyEbd;longKey;6b07672d0c71136de528fb719c6768784ebe5879;da39a3ee5e6b4b0d3255bfef95601890afd80709;ok;empty;skipped (false positive likely);-;23.5814 (0.0924759);28.8429 (0.11311);19.7672 (0.0775185);1.43675 (0.00563431);8.74403 (0.0342903);79.348 (0.311169);4.31803 (0.0169334);1.4348 (0.00562668);0.994148 (0.00389862);0.939674 (0.003685);1.01749 (0.00399017);0.999985 (0.00392151);0.20525 (0.000804901);0.839481 (0.00329208);JPEG image data;50 kB;;image/jpeg;1.01;Baseline DCT/ Huffman coding;3;512x512;0.262;JPEG image data;JFIF standard 1.01;JFIF written by fengji    #&')*) -0-(0%()( (((((((((((((((((((((((((((((((((((((((((((((((((( $3br %&'()*456789:CDEFGHIJSTUVWXYZcdefghijstuvwxyz  #3R &'()*56789:CDEFGHIJSTUVWXYZcdefghijstuvwxyz ;50 KB (51369 bytes);b725c72784c163090b819fb719411efec0ffe71e;2.11942 (0.00831145);JPEG (Joint Photographic Experts Group JFIF format);15 (0.0588235);255 (1);146.263 (0.573579);47.7155 (0.187119);-0.855081;0.0333738;0.961126
